00000000000000000000000000000000000000000000000000000000000000000000000000000000
00000000000000000000000000000000000000000000000000000000000000000000000000000000
00000000000000000000000000000000000000000000000000000000000000000000000000000000
00000000000000000000000000000000000000000000000000000000000000000000000000000000
00000000000000000000000000000000000000000000000000000000000000000000000000000000
00000000000000000000000000000000000000000000000000000000000000000000000000000000
00000000000000000000000000000000000000000000000000000000000000000000000000000000
00000000000000000000000000000000000000000000000000000000000000000000000000000000
00000000000000000000000000000000000000000000000000000000000000000000000000000000
00000000000000000000000000000000000000000000000000000000000000000000000000000000
00000000000000000000000000000000000000000000000000000000000000000000000000000000
00000000000000000000000000000000000000000000000000000000000000000000000000000000
00000000000000000000000000000000000000000000000000000000000000000000000000000000
00000000000000000000000000000000000000000000000000000000000000000000000000000000
00000000000001000000000000000000000000000000000000000000000000000000000000000000
00000000000001111000000000000000000000000000000000000000000000000000000000000000
00000000000000111100000000001100000000000000000000000000000000000000000000000000
00011000000000100100000000010100000000000000000000000000000000000000000000000000
00011000000000111100000000111000000001100000000000000000000000000000000000000000
00000000000001111000000001110000000001100000000000000000000000000000000000000000
00000000000001000000000000111000000000000000000000000000000000000000000000000000
00000000000000000000000000010100000000000000000000000000000000000000000000000000
00000000000000000000000000001100000000000000000000000000000000000000000000000000
00000000000000000000000000000000000000000000000000000000000000000000000000000000
